15
0.00	92.00	47.00	99.00	60.00	33.00	51.00	44.00	10.00	76.00	83.00	90.00	71.00	53.00	80.00	
92.00	0.00	72.00	22.00	57.00	86.00	33.00	80.00	37.00	41.00	26.00	13.00	90.00	52.00	47.00	
47.00	72.00	0.00	50.00	70.00	25.00	53.00	18.00	87.00	18.00	66.00	26.00	65.00	85.00	77.00	
99.00	22.00	50.00	0.00	74.00	68.00	45.00	58.00	64.00	55.00	54.00	27.00	62.00	55.00	28.00	
60.00	57.00	70.00	74.00	0.00	21.00	41.00	29.00	35.00	12.00	95.00	23.00	55.00	57.00	38.00	
33.00	86.00	25.00	68.00	21.00	0.00	31.00	73.00	59.00	99.00	96.00	54.00	39.00	57.00	84.00	
51.00	33.00	53.00	45.00	41.00	31.00	0.00	73.00	31.00	31.00	18.00	24.00	76.00	91.00	61.00	
44.00	80.00	18.00	58.00	29.00	73.00	73.00	0.00	61.00	12.00	56.00	16.00	93.00	28.00	41.00	
10.00	37.00	87.00	64.00	35.00	59.00	31.00	61.00	0.00	57.00	26.00	57.00	25.00	97.00	69.00	
76.00	41.00	18.00	55.00	12.00	99.00	31.00	12.00	57.00	0.00	68.00	59.00	66.00	62.00	68.00	
83.00	26.00	66.00	54.00	95.00	96.00	18.00	56.00	26.00	68.00	0.00	88.00	79.00	20.00	63.00	
90.00	13.00	26.00	27.00	23.00	54.00	24.00	16.00	57.00	59.00	88.00	0.00	80.00	41.00	41.00	
71.00	90.00	65.00	62.00	55.00	39.00	76.00	93.00	25.00	66.00	79.00	80.00	0.00	55.00	17.00	
53.00	52.00	85.00	55.00	57.00	57.00	91.00	28.00	97.00	62.00	20.00	41.00	55.00	0.00	88.00	
80.00	47.00	77.00	28.00	38.00	84.00	61.00	41.00	69.00	68.00	63.00	41.00	17.00	88.00	0.00	
