20
0.00	79.00	92.00	45.00	62.00	90.00	87.00	83.00	40.00	19.00	66.00	73.00	65.00	67.00	63.00	91.00	48.00	91.00	25.00	35.00	
79.00	0.00	20.00	86.00	72.00	57.00	43.00	34.00	13.00	28.00	47.00	18.00	59.00	78.00	23.00	48.00	85.00	43.00	20.00	39.00	
92.00	20.00	0.00	74.00	30.00	81.00	37.00	87.00	19.00	46.00	56.00	27.00	11.00	94.00	75.00	61.00	58.00	83.00	52.00	92.00	
45.00	86.00	74.00	0.00	83.00	92.00	89.00	41.00	10.00	27.00	55.00	37.00	70.00	59.00	13.00	66.00	79.00	14.00	96.00	30.00	
62.00	72.00	30.00	83.00	0.00	59.00	22.00	69.00	85.00	91.00	88.00	96.00	14.00	26.00	98.00	96.00	99.00	97.00	12.00	34.00	
90.00	57.00	81.00	92.00	59.00	0.00	64.00	66.00	57.00	75.00	35.00	95.00	58.00	80.00	67.00	36.00	30.00	64.00	70.00	89.00	
87.00	43.00	37.00	89.00	22.00	64.00	0.00	20.00	68.00	55.00	28.00	28.00	59.00	24.00	49.00	99.00	65.00	50.00	12.00	11.00	
83.00	34.00	87.00	41.00	69.00	66.00	20.00	0.00	91.00	41.00	87.00	42.00	61.00	67.00	16.00	79.00	51.00	84.00	37.00	40.00	
40.00	13.00	19.00	10.00	85.00	57.00	68.00	91.00	0.00	48.00	19.00	85.00	87.00	54.00	45.00	85.00	91.00	28.00	66.00	44.00	
19.00	28.00	46.00	27.00	91.00	75.00	55.00	41.00	48.00	0.00	62.00	44.00	76.00	73.00	52.00	14.00	15.00	97.00	33.00	87.00	
66.00	47.00	56.00	55.00	88.00	35.00	28.00	87.00	19.00	62.00	0.00	86.00	92.00	60.00	55.00	15.00	28.00	93.00	47.00	60.00	
73.00	18.00	27.00	37.00	96.00	95.00	28.00	42.00	85.00	44.00	86.00	0.00	85.00	67.00	90.00	41.00	32.00	15.00	88.00	13.00	
65.00	59.00	11.00	70.00	14.00	58.00	59.00	61.00	87.00	76.00	92.00	85.00	0.00	74.00	42.00	91.00	77.00	56.00	14.00	39.00	
67.00	78.00	94.00	59.00	26.00	80.00	24.00	67.00	54.00	73.00	60.00	67.00	74.00	0.00	74.00	22.00	83.00	78.00	46.00	58.00	
63.00	23.00	75.00	13.00	98.00	67.00	49.00	16.00	45.00	52.00	55.00	90.00	42.00	74.00	0.00	52.00	91.00	21.00	34.00	46.00	
91.00	48.00	61.00	66.00	96.00	36.00	99.00	79.00	85.00	14.00	15.00	41.00	91.00	22.00	52.00	0.00	32.00	64.00	46.00	78.00	
48.00	85.00	58.00	79.00	99.00	30.00	65.00	51.00	91.00	15.00	28.00	32.00	77.00	83.00	91.00	32.00	0.00	20.00	68.00	33.00	
91.00	43.00	83.00	14.00	97.00	64.00	50.00	84.00	28.00	97.00	93.00	15.00	56.00	78.00	21.00	64.00	20.00	0.00	90.00	90.00	
25.00	20.00	52.00	96.00	12.00	70.00	12.00	37.00	66.00	33.00	47.00	88.00	14.00	46.00	34.00	46.00	68.00	90.00	0.00	51.00	
35.00	39.00	92.00	30.00	34.00	89.00	11.00	40.00	44.00	87.00	60.00	13.00	39.00	58.00	46.00	78.00	33.00	90.00	51.00	0.00	
