22
0.00	62.00	52.00	12.00	12.00	94.00	81.00	15.00	40.00	10.00	44.00	53.00	80.00	68.00	12.00	59.00	27.00	32.00	96.00	82.00	28.00	12.00	
62.00	0.00	68.00	80.00	11.00	88.00	22.00	47.00	76.00	43.00	63.00	80.00	98.00	45.00	25.00	13.00	71.00	86.00	26.00	99.00	90.00	92.00	
52.00	68.00	0.00	37.00	40.00	82.00	22.00	74.00	59.00	35.00	58.00	98.00	83.00	14.00	46.00	41.00	11.00	81.00	47.00	68.00	24.00	54.00	
12.00	80.00	37.00	0.00	75.00	87.00	85.00	22.00	15.00	48.00	54.00	39.00	42.00	34.00	97.00	41.00	46.00	85.00	42.00	69.00	90.00	27.00	
12.00	11.00	40.00	75.00	0.00	87.00	20.00	61.00	55.00	50.00	18.00	76.00	61.00	78.00	94.00	49.00	52.00	83.00	61.00	41.00	85.00	78.00	
94.00	88.00	82.00	87.00	87.00	0.00	13.00	38.00	35.00	28.00	60.00	60.00	41.00	22.00	86.00	35.00	22.00	42.00	96.00	28.00	18.00	46.00	
81.00	22.00	22.00	85.00	20.00	13.00	0.00	64.00	64.00	71.00	25.00	54.00	20.00	70.00	52.00	49.00	94.00	91.00	71.00	48.00	52.00	29.00	
15.00	47.00	74.00	22.00	61.00	38.00	64.00	0.00	52.00	12.00	80.00	64.00	32.00	68.00	14.00	91.00	56.00	66.00	65.00	82.00	72.00	17.00	
40.00	76.00	59.00	15.00	55.00	35.00	64.00	52.00	0.00	62.00	53.00	83.00	18.00	43.00	61.00	14.00	42.00	67.00	23.00	71.00	67.00	19.00	
10.00	43.00	35.00	48.00	50.00	28.00	71.00	12.00	62.00	0.00	22.00	40.00	14.00	18.00	49.00	58.00	51.00	84.00	24.00	27.00	24.00	98.00	
44.00	63.00	58.00	54.00	18.00	60.00	25.00	80.00	53.00	22.00	0.00	50.00	89.00	14.00	83.00	76.00	81.00	26.00	67.00	39.00	24.00	34.00	
53.00	80.00	98.00	39.00	76.00	60.00	54.00	64.00	83.00	40.00	50.00	0.00	61.00	96.00	25.00	47.00	46.00	63.00	41.00	11.00	55.00	98.00	
80.00	98.00	83.00	42.00	61.00	41.00	20.00	32.00	18.00	14.00	89.00	61.00	0.00	39.00	34.00	54.00	47.00	68.00	46.00	97.00	20.00	94.00	
68.00	45.00	14.00	34.00	78.00	22.00	70.00	68.00	43.00	18.00	14.00	96.00	39.00	0.00	16.00	90.00	32.00	78.00	57.00	54.00	21.00	28.00	
12.00	25.00	46.00	97.00	94.00	86.00	52.00	14.00	61.00	49.00	83.00	25.00	34.00	16.00	0.00	72.00	12.00	54.00	18.00	95.00	94.00	16.00	
59.00	13.00	41.00	41.00	49.00	35.00	49.00	91.00	14.00	58.00	76.00	47.00	54.00	90.00	72.00	0.00	15.00	42.00	85.00	18.00	65.00	86.00	
27.00	71.00	11.00	46.00	52.00	22.00	94.00	56.00	42.00	51.00	81.00	46.00	47.00	32.00	12.00	15.00	0.00	73.00	96.00	25.00	37.00	46.00	
32.00	86.00	81.00	85.00	83.00	42.00	91.00	66.00	67.00	84.00	26.00	63.00	68.00	78.00	54.00	42.00	73.00	0.00	70.00	79.00	43.00	84.00	
96.00	26.00	47.00	42.00	61.00	96.00	71.00	65.00	23.00	24.00	67.00	41.00	46.00	57.00	18.00	85.00	96.00	70.00	0.00	81.00	97.00	34.00	
82.00	99.00	68.00	69.00	41.00	28.00	48.00	82.00	71.00	27.00	39.00	11.00	97.00	54.00	95.00	18.00	25.00	79.00	81.00	0.00	17.00	78.00	
28.00	90.00	24.00	90.00	85.00	18.00	52.00	72.00	67.00	24.00	24.00	55.00	20.00	21.00	94.00	65.00	37.00	43.00	97.00	17.00	0.00	21.00	
12.00	92.00	54.00	27.00	78.00	46.00	29.00	17.00	19.00	98.00	34.00	98.00	94.00	28.00	16.00	86.00	46.00	84.00	34.00	78.00	21.00	0.00	
