23
0.00	58.00	21.00	30.00	53.00	22.00	18.00	29.00	74.00	80.00	35.00	65.00	83.00	99.00	32.00	45.00	25.00	89.00	12.00	88.00	86.00	78.00	39.00	
58.00	0.00	91.00	47.00	89.00	35.00	12.00	38.00	13.00	67.00	22.00	62.00	65.00	34.00	76.00	34.00	94.00	50.00	22.00	41.00	49.00	43.00	72.00	
21.00	91.00	0.00	17.00	24.00	97.00	83.00	48.00	21.00	88.00	46.00	46.00	95.00	97.00	51.00	71.00	49.00	40.00	50.00	96.00	27.00	80.00	24.00	
30.00	47.00	17.00	0.00	37.00	34.00	29.00	66.00	33.00	37.00	63.00	75.00	20.00	83.00	98.00	67.00	46.00	19.00	79.00	81.00	29.00	76.00	62.00	
53.00	89.00	24.00	37.00	0.00	54.00	52.00	74.00	44.00	21.00	92.00	25.00	44.00	40.00	56.00	68.00	42.00	73.00	29.00	69.00	84.00	31.00	33.00	
22.00	35.00	97.00	34.00	54.00	0.00	83.00	62.00	71.00	61.00	26.00	50.00	38.00	37.00	26.00	19.00	71.00	41.00	81.00	55.00	14.00	71.00	72.00	
18.00	12.00	83.00	29.00	52.00	83.00	0.00	56.00	98.00	61.00	85.00	36.00	55.00	80.00	10.00	20.00	17.00	17.00	95.00	73.00	25.00	87.00	53.00	
29.00	38.00	48.00	66.00	74.00	62.00	56.00	0.00	86.00	58.00	49.00	13.00	95.00	78.00	89.00	27.00	37.00	99.00	38.00	59.00	90.00	15.00	27.00	
74.00	13.00	21.00	33.00	44.00	71.00	98.00	86.00	0.00	71.00	66.00	21.00	58.00	81.00	33.00	51.00	49.00	71.00	41.00	79.00	63.00	45.00	54.00	
80.00	67.00	88.00	37.00	21.00	61.00	61.00	58.00	71.00	0.00	80.00	15.00	15.00	84.00	37.00	26.00	15.00	10.00	65.00	76.00	89.00	75.00	71.00	
35.00	22.00	46.00	63.00	92.00	26.00	85.00	49.00	66.00	80.00	0.00	70.00	42.00	43.00	66.00	93.00	20.00	35.00	23.00	56.00	38.00	17.00	18.00	
65.00	62.00	46.00	75.00	25.00	50.00	36.00	13.00	21.00	15.00	70.00	0.00	34.00	38.00	41.00	69.00	10.00	90.00	42.00	39.00	28.00	23.00	28.00	
83.00	65.00	95.00	20.00	44.00	38.00	55.00	95.00	58.00	15.00	42.00	34.00	0.00	95.00	78.00	60.00	36.00	17.00	80.00	30.00	12.00	95.00	41.00	
99.00	34.00	97.00	83.00	40.00	37.00	80.00	78.00	81.00	84.00	43.00	38.00	95.00	0.00	95.00	39.00	42.00	11.00	96.00	75.00	18.00	34.00	50.00	
32.00	76.00	51.00	98.00	56.00	26.00	10.00	89.00	33.00	37.00	66.00	41.00	78.00	95.00	0.00	48.00	34.00	13.00	86.00	82.00	71.00	57.00	64.00	
45.00	34.00	71.00	67.00	68.00	19.00	20.00	27.00	51.00	26.00	93.00	69.00	60.00	39.00	48.00	0.00	60.00	72.00	58.00	58.00	77.00	27.00	72.00	
25.00	94.00	49.00	46.00	42.00	71.00	17.00	37.00	49.00	15.00	20.00	10.00	36.00	42.00	34.00	60.00	0.00	97.00	64.00	67.00	29.00	14.00	79.00	
89.00	50.00	40.00	19.00	73.00	41.00	17.00	99.00	71.00	10.00	35.00	90.00	17.00	11.00	13.00	72.00	97.00	0.00	42.00	70.00	84.00	14.00	62.00	
12.00	22.00	50.00	79.00	29.00	81.00	95.00	38.00	41.00	65.00	23.00	42.00	80.00	96.00	86.00	58.00	64.00	42.00	0.00	20.00	74.00	34.00	80.00	
88.00	41.00	96.00	81.00	69.00	55.00	73.00	59.00	79.00	76.00	56.00	39.00	30.00	75.00	82.00	58.00	67.00	70.00	20.00	0.00	29.00	90.00	29.00	
86.00	49.00	27.00	29.00	84.00	14.00	25.00	90.00	63.00	89.00	38.00	28.00	12.00	18.00	71.00	77.00	29.00	84.00	74.00	29.00	0.00	72.00	90.00	
78.00	43.00	80.00	76.00	31.00	71.00	87.00	15.00	45.00	75.00	17.00	23.00	95.00	34.00	57.00	27.00	14.00	14.00	34.00	90.00	72.00	0.00	16.00	
39.00	72.00	24.00	62.00	33.00	72.00	53.00	27.00	54.00	71.00	18.00	28.00	41.00	50.00	64.00	72.00	79.00	62.00	80.00	29.00	90.00	16.00	0.00	
