24
0.00	78.00	54.00	68.00	46.00	37.00	77.00	53.00	93.00	88.00	20.00	91.00	47.00	41.00	35.00	30.00	55.00	66.00	55.00	41.00	81.00	20.00	51.00	59.00	
78.00	0.00	11.00	68.00	68.00	91.00	25.00	68.00	60.00	89.00	48.00	53.00	71.00	41.00	60.00	38.00	30.00	18.00	27.00	38.00	58.00	77.00	82.00	72.00	
54.00	11.00	0.00	53.00	80.00	71.00	82.00	87.00	59.00	91.00	66.00	88.00	22.00	76.00	78.00	83.00	94.00	16.00	53.00	88.00	85.00	17.00	61.00	56.00	
68.00	68.00	53.00	0.00	98.00	39.00	37.00	68.00	94.00	80.00	62.00	89.00	40.00	24.00	82.00	78.00	68.00	28.00	20.00	10.00	75.00	43.00	80.00	24.00	
46.00	68.00	80.00	98.00	0.00	90.00	38.00	36.00	31.00	20.00	26.00	31.00	83.00	31.00	51.00	16.00	77.00	19.00	45.00	43.00	32.00	86.00	52.00	65.00	
37.00	91.00	71.00	39.00	90.00	0.00	82.00	84.00	15.00	85.00	89.00	83.00	46.00	85.00	28.00	48.00	55.00	91.00	28.00	61.00	58.00	66.00	72.00	66.00	
77.00	25.00	82.00	37.00	38.00	82.00	0.00	26.00	78.00	59.00	67.00	22.00	86.00	49.00	70.00	96.00	61.00	48.00	86.00	45.00	27.00	51.00	62.00	76.00	
53.00	68.00	87.00	68.00	36.00	84.00	26.00	0.00	14.00	14.00	25.00	90.00	38.00	81.00	16.00	70.00	96.00	65.00	87.00	97.00	28.00	17.00	59.00	72.00	
93.00	60.00	59.00	94.00	31.00	15.00	78.00	14.00	0.00	99.00	97.00	60.00	31.00	28.00	49.00	63.00	54.00	10.00	62.00	84.00	52.00	49.00	84.00	66.00	
88.00	89.00	91.00	80.00	20.00	85.00	59.00	14.00	99.00	0.00	60.00	26.00	15.00	44.00	73.00	77.00	11.00	67.00	55.00	15.00	50.00	68.00	56.00	32.00	
20.00	48.00	66.00	62.00	26.00	89.00	67.00	25.00	97.00	60.00	0.00	27.00	84.00	10.00	99.00	83.00	84.00	92.00	83.00	32.00	18.00	78.00	30.00	72.00	
91.00	53.00	88.00	89.00	31.00	83.00	22.00	90.00	60.00	26.00	27.00	0.00	91.00	89.00	95.00	90.00	69.00	50.00	32.00	67.00	82.00	76.00	44.00	31.00	
47.00	71.00	22.00	40.00	83.00	46.00	86.00	38.00	31.00	15.00	84.00	91.00	0.00	45.00	34.00	78.00	61.00	26.00	48.00	40.00	92.00	88.00	62.00	34.00	
41.00	41.00	76.00	24.00	31.00	85.00	49.00	81.00	28.00	44.00	10.00	89.00	45.00	0.00	64.00	12.00	95.00	29.00	29.00	77.00	45.00	29.00	26.00	61.00	
35.00	60.00	78.00	82.00	51.00	28.00	70.00	16.00	49.00	73.00	99.00	95.00	34.00	64.00	0.00	41.00	81.00	98.00	52.00	34.00	56.00	83.00	84.00	71.00	
30.00	38.00	83.00	78.00	16.00	48.00	96.00	70.00	63.00	77.00	83.00	90.00	78.00	12.00	41.00	0.00	76.00	39.00	86.00	60.00	39.00	56.00	68.00	51.00	
55.00	30.00	94.00	68.00	77.00	55.00	61.00	96.00	54.00	11.00	84.00	69.00	61.00	95.00	81.00	76.00	0.00	26.00	78.00	69.00	44.00	62.00	18.00	99.00	
66.00	18.00	16.00	28.00	19.00	91.00	48.00	65.00	10.00	67.00	92.00	50.00	26.00	29.00	98.00	39.00	26.00	0.00	62.00	65.00	86.00	97.00	18.00	66.00	
55.00	27.00	53.00	20.00	45.00	28.00	86.00	87.00	62.00	55.00	83.00	32.00	48.00	29.00	52.00	86.00	78.00	62.00	0.00	44.00	47.00	46.00	36.00	12.00	
41.00	38.00	88.00	10.00	43.00	61.00	45.00	97.00	84.00	15.00	32.00	67.00	40.00	77.00	34.00	60.00	69.00	65.00	44.00	0.00	66.00	42.00	89.00	33.00	
81.00	58.00	85.00	75.00	32.00	58.00	27.00	28.00	52.00	50.00	18.00	82.00	92.00	45.00	56.00	39.00	44.00	86.00	47.00	66.00	0.00	34.00	46.00	83.00	
20.00	77.00	17.00	43.00	86.00	66.00	51.00	17.00	49.00	68.00	78.00	76.00	88.00	29.00	83.00	56.00	62.00	97.00	46.00	42.00	34.00	0.00	75.00	39.00	
51.00	82.00	61.00	80.00	52.00	72.00	62.00	59.00	84.00	56.00	30.00	44.00	62.00	26.00	84.00	68.00	18.00	18.00	36.00	89.00	46.00	75.00	0.00	46.00	
59.00	72.00	56.00	24.00	65.00	66.00	76.00	72.00	66.00	32.00	72.00	31.00	34.00	61.00	71.00	51.00	99.00	66.00	12.00	33.00	83.00	39.00	46.00	0.00	
