25
0.00	12.00	36.00	58.00	85.00	45.00	81.00	59.00	99.00	65.00	77.00	12.00	24.00	77.00	88.00	38.00	73.00	63.00	44.00	31.00	33.00	81.00	24.00	10.00	75.00	
12.00	0.00	19.00	60.00	58.00	54.00	83.00	94.00	77.00	15.00	53.00	87.00	80.00	38.00	91.00	59.00	15.00	19.00	83.00	14.00	44.00	16.00	23.00	56.00	70.00	
36.00	19.00	0.00	35.00	13.00	86.00	86.00	33.00	96.00	95.00	74.00	39.00	34.00	39.00	34.00	90.00	32.00	59.00	81.00	62.00	56.00	55.00	52.00	71.00	57.00	
58.00	60.00	35.00	0.00	99.00	82.00	70.00	18.00	57.00	80.00	85.00	46.00	46.00	71.00	38.00	91.00	28.00	14.00	82.00	19.00	54.00	34.00	13.00	71.00	40.00	
85.00	58.00	13.00	99.00	0.00	59.00	70.00	95.00	67.00	89.00	38.00	33.00	80.00	84.00	47.00	25.00	23.00	17.00	90.00	58.00	69.00	51.00	73.00	73.00	56.00	
45.00	54.00	86.00	82.00	59.00	0.00	62.00	47.00	30.00	55.00	57.00	72.00	34.00	15.00	47.00	61.00	59.00	48.00	27.00	37.00	78.00	69.00	57.00	93.00	33.00	
81.00	83.00	86.00	70.00	70.00	62.00	0.00	11.00	40.00	20.00	21.00	61.00	89.00	64.00	16.00	14.00	15.00	46.00	19.00	85.00	95.00	28.00	62.00	24.00	44.00	
59.00	94.00	33.00	18.00	95.00	47.00	11.00	0.00	99.00	20.00	88.00	29.00	58.00	74.00	33.00	43.00	75.00	12.00	36.00	28.00	78.00	50.00	22.00	78.00	89.00	
99.00	77.00	96.00	57.00	67.00	30.00	40.00	99.00	0.00	72.00	25.00	15.00	42.00	36.00	52.00	12.00	25.00	78.00	50.00	74.00	62.00	82.00	18.00	57.00	45.00	
65.00	15.00	95.00	80.00	89.00	55.00	20.00	20.00	72.00	0.00	18.00	18.00	87.00	19.00	46.00	46.00	38.00	88.00	72.00	53.00	54.00	45.00	50.00	28.00	27.00	
77.00	53.00	74.00	85.00	38.00	57.00	21.00	88.00	25.00	18.00	0.00	67.00	51.00	19.00	62.00	57.00	31.00	20.00	55.00	15.00	80.00	14.00	79.00	27.00	32.00	
12.00	87.00	39.00	46.00	33.00	72.00	61.00	29.00	15.00	18.00	67.00	0.00	97.00	53.00	59.00	99.00	55.00	69.00	59.00	82.00	26.00	14.00	85.00	23.00	34.00	
24.00	80.00	34.00	46.00	80.00	34.00	89.00	58.00	42.00	87.00	51.00	97.00	0.00	37.00	74.00	23.00	26.00	67.00	17.00	84.00	63.00	38.00	67.00	40.00	68.00	
77.00	38.00	39.00	71.00	84.00	15.00	64.00	74.00	36.00	19.00	19.00	53.00	37.00	0.00	64.00	44.00	56.00	48.00	39.00	19.00	34.00	53.00	89.00	31.00	44.00	
88.00	91.00	34.00	38.00	47.00	47.00	16.00	33.00	52.00	46.00	62.00	59.00	74.00	64.00	0.00	29.00	64.00	13.00	89.00	44.00	16.00	45.00	85.00	55.00	38.00	
38.00	59.00	90.00	91.00	25.00	61.00	14.00	43.00	12.00	46.00	57.00	99.00	23.00	44.00	29.00	0.00	38.00	75.00	33.00	12.00	10.00	16.00	82.00	92.00	32.00	
73.00	15.00	32.00	28.00	23.00	59.00	15.00	75.00	25.00	38.00	31.00	55.00	26.00	56.00	64.00	38.00	0.00	15.00	72.00	46.00	24.00	11.00	22.00	71.00	60.00	
63.00	19.00	59.00	14.00	17.00	48.00	46.00	12.00	78.00	88.00	20.00	69.00	67.00	48.00	13.00	75.00	15.00	0.00	85.00	18.00	19.00	10.00	11.00	28.00	84.00	
44.00	83.00	81.00	82.00	90.00	27.00	19.00	36.00	50.00	72.00	55.00	59.00	17.00	39.00	89.00	33.00	72.00	85.00	0.00	97.00	79.00	43.00	81.00	24.00	54.00	
31.00	14.00	62.00	19.00	58.00	37.00	85.00	28.00	74.00	53.00	15.00	82.00	84.00	19.00	44.00	12.00	46.00	18.00	97.00	0.00	18.00	97.00	90.00	11.00	63.00	
33.00	44.00	56.00	54.00	69.00	78.00	95.00	78.00	62.00	54.00	80.00	26.00	63.00	34.00	16.00	10.00	24.00	19.00	79.00	18.00	0.00	27.00	93.00	61.00	52.00	
81.00	16.00	55.00	34.00	51.00	69.00	28.00	50.00	82.00	45.00	14.00	14.00	38.00	53.00	45.00	16.00	11.00	10.00	43.00	97.00	27.00	0.00	50.00	53.00	90.00	
24.00	23.00	52.00	13.00	73.00	57.00	62.00	22.00	18.00	50.00	79.00	85.00	67.00	89.00	85.00	82.00	22.00	11.00	81.00	90.00	93.00	50.00	0.00	16.00	12.00	
10.00	56.00	71.00	71.00	73.00	93.00	24.00	78.00	57.00	28.00	27.00	23.00	40.00	31.00	55.00	92.00	71.00	28.00	24.00	11.00	61.00	53.00	16.00	0.00	64.00	
75.00	70.00	57.00	40.00	56.00	33.00	44.00	89.00	45.00	27.00	32.00	34.00	68.00	44.00	38.00	32.00	60.00	84.00	54.00	63.00	52.00	90.00	12.00	64.00	0.00	
